[[1128.0, 59.0], [1156.0, 59.0], [1156.0, 78.0], [1128.0, 78.0]]: 10
[[1212.0, 128.0], [1293.0, 135.0], [1290.0, 163.0], [1209.0, 156.0]]: Hikari
[[1138.0, 178.0], [1207.0, 178.0], [1207.0, 204.0], [1138.0, 204.0]]: Goals
[[1138.0, 213.0], [1220.0, 213.0], [1220.0, 240.0], [1138.0, 240.0]]: Assists
[[1356.0, 215.0], [1374.0, 215.0], [1374.0, 240.0], [1356.0, 240.0]]: 2
[[1137.0, 249.0], [1207.0, 249.0], [1207.0, 275.0], [1137.0, 275.0]]: Saves
[[1356.0, 249.0], [1374.0, 249.0], [1374.0, 275.0], [1356.0, 275.0]]: 1
[[1138.0, 283.0], [1196.0, 283.0], [1196.0, 309.0], [1138.0, 309.0]]: Orbs
[[1355.0, 283.0], [1374.0, 283.0], [1374.0, 311.0], [1355.0, 311.0]]: 8
[[1137.0, 318.0], [1249.0, 318.0], [1249.0, 345.0], [1137.0, 345.0]]: Redirects
[[1343.0, 315.0], [1377.0, 315.0], [1377.0, 348.0], [1343.0, 348.0]]: 54
[[1137.0, 352.0], [1208.0, 352.0], [1208.0, 380.0], [1137.0, 380.0]]: Shots
[[1344.0, 352.0], [1376.0, 352.0], [1376.0, 383.0], [1344.0, 383.0]]: 15
[[9.0, 642.0], [33.0, 642.0], [33.0, 663.0], [9.0, 663.0]]: 10
[[569.0, 645.0], [595.0, 645.0], [595.0, 666.0], [569.0, 666.0]]: 10
[[76.0, 713.0], [190.0, 720.0], [189.0, 745.0], [74.0, 738.0]]: Wolfborg
[[376.0, 710.0], [453.0, 714.0], [452.0, 742.0], [375.0, 738.0]]: Nilox
[[645.0, 714.0], [743.0, 719.0], [742.0, 742.0], [643.0, 737.0]]: disleem
[[909.0, 717.0], [1040.0, 721.0], [1039.0, 741.0], [908.0, 738.0]]: UmmerSay
[[1155.0, 713.0], [1354.0, 718.0], [1353.0, 744.0], [1154.0, 740.0]]: Ronaldo on drug
[[18.0, 762.0], [87.0, 762.0], [87.0, 790.0], [18.0, 790.0]]: Goals
[[235.0, 765.0], [254.0, 765.0], [254.0, 790.0], [235.0, 790.0]]: 3
[[299.0, 763.0], [367.0, 763.0], [367.0, 790.0], [299.0, 790.0]]: Goals
[[514.0, 765.0], [535.0, 765.0], [535.0, 790.0], [514.0, 790.0]]: 2
[[578.0, 762.0], [647.0, 762.0], [647.0, 790.0], [578.0, 790.0]]: Goals
[[795.0, 765.0], [814.0, 765.0], [814.0, 790.0], [795.0, 790.0]]: 3
[[857.0, 763.0], [940.0, 763.0], [940.0, 790.0], [857.0, 790.0]]: Assists
[[1074.0, 765.0], [1093.0, 765.0], [1093.0, 790.0], [1074.0, 790.0]]: 3
[[1138.0, 762.0], [1207.0, 762.0], [1207.0, 790.0], [1138.0, 790.0]]: Goals
[[1359.0, 768.0], [1374.0, 768.0], [1374.0, 790.0], [1359.0, 790.0]]: 1
[[16.0, 798.0], [102.0, 798.0], [102.0, 824.0], [16.0, 824.0]]: Assists
[[235.0, 799.0], [254.0, 799.0], [254.0, 826.0], [235.0, 826.0]]: 2
[[297.0, 798.0], [379.0, 798.0], [379.0, 824.0], [297.0, 824.0]]: Assists
[[515.0, 800.0], [533.0, 800.0], [533.0, 826.0], [515.0, 826.0]]: 1
[[576.0, 794.0], [661.0, 798.0], [659.0, 826.0], [575.0, 822.0]]: Assists
[[795.0, 799.0], [813.0, 799.0], [813.0, 826.0], [795.0, 826.0]]: 1
[[858.0, 795.0], [928.0, 801.0], [926.0, 829.0], [855.0, 823.0]]: Saves
[[1062.0, 799.0], [1095.0, 799.0], [1095.0, 826.0], [1062.0, 826.0]]: 34
[[1137.0, 799.0], [1220.0, 799.0], [1220.0, 826.0], [1137.0, 826.0]]: Assists
[[1355.0, 799.0], [1374.0, 799.0], [1374.0, 826.0], [1355.0, 826.0]]: 2
[[16.0, 830.0], [77.0, 834.0], [75.0, 862.0], [14.0, 858.0]]: Orbs
[[235.0, 835.0], [252.0, 835.0], [252.0, 858.0], [235.0, 858.0]]: 4
[[297.0, 833.0], [367.0, 833.0], [367.0, 860.0], [297.0, 860.0]]: Saves
[[512.0, 833.0], [536.0, 833.0], [536.0, 863.0], [512.0, 863.0]]: 2
[[577.0, 833.0], [647.0, 833.0], [647.0, 860.0], [577.0, 860.0]]: Saves
[[795.0, 833.0], [813.0, 833.0], [813.0, 861.0], [795.0, 861.0]]: 5
[[859.0, 830.0], [918.0, 834.0], [916.0, 862.0], [857.0, 858.0]]: Orbs
[[1062.0, 833.0], [1093.0, 833.0], [1093.0, 860.0], [1062.0, 860.0]]: 10
[[1136.0, 831.0], [1207.0, 835.0], [1206.0, 862.0], [1135.0, 858.0]]: Saves
[[1344.0, 833.0], [1374.0, 833.0], [1374.0, 861.0], [1344.0, 861.0]]: 36
[[18.0, 869.0], [131.0, 869.0], [131.0, 894.0], [18.0, 894.0]]: Redirects
[[220.0, 866.0], [255.0, 866.0], [255.0, 897.0], [220.0, 897.0]]: 52
[[297.0, 867.0], [357.0, 867.0], [357.0, 895.0], [297.0, 895.0]]: Orbs
[[514.0, 869.0], [533.0, 869.0], [533.0, 895.0], [514.0, 895.0]]: 3
[[578.0, 867.0], [638.0, 867.0], [638.0, 895.0], [578.0, 895.0]]: Orbs
[[793.0, 869.0], [813.0, 869.0], [813.0, 895.0], [793.0, 895.0]]: 3
[[857.0, 867.0], [969.0, 867.0], [969.0, 892.0], [857.0, 892.0]]: Redirects
[[1061.0, 866.0], [1096.0, 866.0], [1096.0, 897.0], [1061.0, 897.0]]: 52
[[1138.0, 867.0], [1198.0, 867.0], [1198.0, 895.0], [1138.0, 895.0]]: Orbs
[[1343.0, 866.0], [1376.0, 866.0], [1376.0, 901.0], [1343.0, 901.0]]: 12
[[16.0, 903.0], [88.0, 903.0], [88.0, 931.0], [16.0, 931.0]]: Shots
[[221.0, 904.0], [252.0, 904.0], [252.0, 931.0], [221.0, 931.0]]: 20
[[299.0, 903.0], [411.0, 903.0], [411.0, 929.0], [299.0, 929.0]]: Redirects
[[502.0, 903.0], [533.0, 903.0], [533.0, 931.0], [502.0, 931.0]]: 71
[[578.0, 903.0], [690.0, 903.0], [690.0, 929.0], [578.0, 929.0]]: Redirects
[[783.0, 904.0], [811.0, 904.0], [811.0, 931.0], [783.0, 931.0]]: 91
[[857.0, 899.0], [928.0, 903.0], [927.0, 931.0], [855.0, 927.0]]: Shots
[[1076.0, 904.0], [1093.0, 904.0], [1093.0, 931.0], [1076.0, 931.0]]: 3
[[1140.0, 903.0], [1250.0, 903.0], [1250.0, 929.0], [1140.0, 929.0]]: Redirects
[[1344.0, 897.0], [1376.0, 897.0], [1376.0, 941.0], [1344.0, 941.0]]: 48
[[295.0, 935.0], [369.0, 938.0], [368.0, 967.0], [294.0, 963.0]]: Shots
[[502.0, 938.0], [535.0, 938.0], [535.0, 965.0], [502.0, 965.0]]: 22
[[576.0, 935.0], [649.0, 938.0], [647.0, 967.0], [575.0, 963.0]]: Shots
[[781.0, 938.0], [813.0, 938.0], [813.0, 963.0], [781.0, 963.0]]: 30
[[1137.0, 938.0], [1208.0, 938.0], [1208.0, 966.0], [1137.0, 966.0]]: Shots
